## RNAfold parameter file v2.0

/* This file contains energy parameters for folding DNA  */
/* The parameters were made available by David Mathews */
/* and are identical to the ones distributed with RNAstructure */

/* WARNING!! This file is still incomplete and largely untested */
/* It does not contain: */
/* terminal mismatch energies for 1xn and 2x3 loops */
/* we currently still use dangling ends instead of terminal mismatches */
/* in multi-loops and the exterior loop. */
/* There's no special parameters for co-axial stacking */

# stack
/*  CG    GC    GU    UG    AU    UA    @  */
  -220  -190   -20   -60  -130  -160     0
  -190  -220   -50     0  -160  -130     0
   -20   -50   130    80   -10    40     0
   -60     0    80    20    70    40     0
  -130  -160   -10    70   -80  -100     0
  -160  -130    40    40  -100   -60     0
     0     0     0     0     0     0     0

# stack_enthalpies
/*  CG    GC    GU    UG    AU    UA    @  */
  -980  -750  -240  -430  -580  -990     0
  -750  -790  -240   430  -780  -850     0
  -240  -240   500   800  -170   -90     0
  -430   430   800  -670   370   -90     0
  -580  -780  -170   370  -530  -720     0
  -990  -850   -90   -90  -720  -670     0
     0     0     0     0     0     0     0

# mismatch_hairpin
   -40   -60   -40   -60   -60
   -40   -60   -40   -60   -60
   -40   -60   -40   -60   -60
   -40   -60   -40   -60   -60
   -40   -60   -40   -60   -60
   -50  -100   -50   -60   -80
   -50  -100   -50   -60   -80
   -50  -100   -50   -60   -80
   -50  -100   -50   -60   -80
   -50  -100   -50   -60   -80
   -30   -80   -30   -40   -60
   -30   -80   -30   -40   -60
   -30   -80   -30   -40   -60
   -30   -80   -30   -40   -60
   -30   -80   -30   -40   -60
   -20   -20   -20   -40   -60
   -20   -20   -20   -40   -60
   -20   -20   -20   -40   -60
   -20   -20   -20   -40   -60
   -20   -20   -20   -40   -60
    90   -10    30    90    30
    90   -10    30    90    30
    90   -10    30    90    30
    90   -10    30    90    30
    90   -10    30    90    30
   -20   -20   -20   -40   -60
   -20   -20   -20   -40   -60
   -20   -20   -20   -40   -60
   -20   -20   -20   -40   -60
   -20   -20   -20   -40   -60
    90   -10    30    90    30
    90   -10    30    90    30
    90   -10    30    90    30
    90   -10    30    90    30
    90   -10    30    90    30

# mismatch_hairpin_enthalpies
  -420  -460  -420  -470  -500
  -420  -460  -420  -470  -500
  -420  -460  -420  -470  -500
  -420  -460  -420  -470  -500
  -420  -460  -420  -470  -500
   -90  -620  -330  -510   -90
   -90  -620  -330  -510   -90
   -90  -620  -330  -510   -90
   -90  -620  -330  -510   -90
   -90  -620  -330  -510   -90
   230  -300   -10  -190   230
   230  -300   -10  -190   230
   230  -300   -10  -190   230
   230  -300   -10  -190   230
   230  -300   -10  -190   230
   230   230   170    70  -580
   230   230   170    70  -580
   230   230   170    70  -580
   230   230   170    70  -580
   230   230   170    70  -580
   520   400   520   470   430
   520   400   520   470   430
   520   400   520   470   430
   520   400   520   470   430
   520   400   520   470   430
   230   230   170    70  -580
   230   230   170    70  -580
   230   230   170    70  -580
   230   230   170    70  -580
   230   230   170    70  -580
   520   400   520   470   430
   520   400   520   470   430
   520   400   520   470   430
   520   400   520   470   430
   520   400   520   470   430

# mismatch_interior
   -40   -60   -40   -60   -60
   -40   -60   -40   -60   -60
   -40   -60   -40   -60   -60
   -40   -60   -40   -60   -60
   -40   -60   -40   -60   -60
   -50  -100   -50   -60   -80
   -50  -100   -50   -60   -80
   -50  -100   -50   -60   -80
   -50  -100   -50   -60   -80
   -50  -100   -50   -60   -80
   -30   -80   -30   -40   -60
   -30   -80   -30   -40   -60
   -30   -80   -30   -40   -60
   -30   -80   -30   -40   -60
   -30   -80   -30   -40   -60
   -20   -20   -20   -40   -60
   -20   -20   -20   -40   -60
   -20   -20   -20   -40   -60
   -20   -20   -20   -40   -60
   -20   -20   -20   -40   -60
    90   -10    30    90    30
    90   -10    30    90    30
    90   -10    30    90    30
    90   -10    30    90    30
    90   -10    30    90    30
   -20   -20   -20   -40   -60
   -20   -20   -20   -40   -60
   -20   -20   -20   -40   -60
   -20   -20   -20   -40   -60
   -20   -20   -20   -40   -60
    90   -10    30    90    30
    90   -10    30    90    30
    90   -10    30    90    30
    90   -10    30    90    30
    90   -10    30    90    30

# mismatch_interior_enthalpies
  -420  -460  -420  -470  -500
  -420  -460  -420  -470  -500
  -420  -460  -420  -470  -500
  -420  -460  -420  -470  -500
  -420  -460  -420  -470  -500
   -90  -620  -330  -510   -90
   -90  -620  -330  -510   -90
   -90  -620  -330  -510   -90
   -90  -620  -330  -510   -90
   -90  -620  -330  -510   -90
   230  -300   -10  -190   230
   230  -300   -10  -190   230
   230  -300   -10  -190   230
   230  -300   -10  -190   230
   230  -300   -10  -190   230
   230   230   170    70  -580
   230   230   170    70  -580
   230   230   170    70  -580
   230   230   170    70  -580
   230   230   170    70  -580
   520   400   520   470   430
   520   400   520   470   430
   520   400   520   470   430
   520   400   520   470   430
   520   400   520   470   430
   230   230   170    70  -580
   230   230   170    70  -580
   230   230   170    70  -580
   230   230   170    70  -580
   230   230   170    70  -580
   520   400   520   470   430
   520   400   520   470   430
   520   400   520   470   430
   520   400   520   470   430
   520   400   520   470   430

# mismatch_interior_1n
   -40   -60   -40   -60   -60
   -40   -60   -40   -60   -60
   -40   -60   -40   -60   -60
   -40   -60   -40   -60   -60
   -40   -60   -40   -60   -60
   -50  -100   -50   -60   -80
   -50  -100   -50   -60   -80
   -50  -100   -50   -60   -80
   -50  -100   -50   -60   -80
   -50  -100   -50   -60   -80
   -30   -80   -30   -40   -60
   -30   -80   -30   -40   -60
   -30   -80   -30   -40   -60
   -30   -80   -30   -40   -60
   -30   -80   -30   -40   -60
   -20   -20   -20   -40   -60
   -20   -20   -20   -40   -60
   -20   -20   -20   -40   -60
   -20   -20   -20   -40   -60
   -20   -20   -20   -40   -60
    90   -10    30    90    30
    90   -10    30    90    30
    90   -10    30    90    30
    90   -10    30    90    30
    90   -10    30    90    30
   -20   -20   -20   -40   -60
   -20   -20   -20   -40   -60
   -20   -20   -20   -40   -60
   -20   -20   -20   -40   -60
   -20   -20   -20   -40   -60
    90   -10    30    90    30
    90   -10    30    90    30
    90   -10    30    90    30
    90   -10    30    90    30
    90   -10    30    90    30

# mismatch_interior_1n_enthalpies
  -420  -460  -420  -470  -500
  -420  -460  -420  -470  -500
  -420  -460  -420  -470  -500
  -420  -460  -420  -470  -500
  -420  -460  -420  -470  -500
   -90  -620  -330  -510   -90
   -90  -620  -330  -510   -90
   -90  -620  -330  -510   -90
   -90  -620  -330  -510   -90
   -90  -620  -330  -510   -90
   230  -300   -10  -190   230
   230  -300   -10  -190   230
   230  -300   -10  -190   230
   230  -300   -10  -190   230
   230  -300   -10  -190   230
   230   230   170    70  -580
   230   230   170    70  -580
   230   230   170    70  -580
   230   230   170    70  -580
   230   230   170    70  -580
   520   400   520   470   430
   520   400   520   470   430
   520   400   520   470   430
   520   400   520   470   430
   520   400   520   470   430
   230   230   170    70  -580
   230   230   170    70  -580
   230   230   170    70  -580
   230   230   170    70  -580
   230   230   170    70  -580
   520   400   520   470   430
   520   400   520   470   430
   520   400   520   470   430
   520   400   520   470   430
   520   400   520   470   430

# mismatch_interior_23
   -40   -60   -40   -60   -60
   -40   -60   -40   -60   -60
   -40   -60   -40   -60   -60
   -40   -60   -40   -60   -60
   -40   -60   -40   -60   -60
   -50  -100   -50   -60   -80
   -50  -100   -50   -60   -80
   -50  -100   -50   -60   -80
   -50  -100   -50   -60   -80
   -50  -100   -50   -60   -80
   -30   -80   -30   -40   -60
   -30   -80   -30   -40   -60
   -30   -80   -30   -40   -60
   -30   -80   -30   -40   -60
   -30   -80   -30   -40   -60
   -20   -20   -20   -40   -60
   -20   -20   -20   -40   -60
   -20   -20   -20   -40   -60
   -20   -20   -20   -40   -60
   -20   -20   -20   -40   -60
    90   -10    30    90    30
    90   -10    30    90    30
    90   -10    30    90    30
    90   -10    30    90    30
    90   -10    30    90    30
   -20   -20   -20   -40   -60
   -20   -20   -20   -40   -60
   -20   -20   -20   -40   -60
   -20   -20   -20   -40   -60
   -20   -20   -20   -40   -60
    90   -10    30    90    30
    90   -10    30    90    30
    90   -10    30    90    30
    90   -10    30    90    30
    90   -10    30    90    30

# mismatch_interior_23_enthalpies
  -420  -460  -420  -470  -500
  -420  -460  -420  -470  -500
  -420  -460  -420  -470  -500
  -420  -460  -420  -470  -500
  -420  -460  -420  -470  -500
   -90  -620  -330  -510   -90
   -90  -620  -330  -510   -90
   -90  -620  -330  -510   -90
   -90  -620  -330  -510   -90
   -90  -620  -330  -510   -90
   230  -300   -10  -190   230
   230  -300   -10  -190   230
   230  -300   -10  -190   230
   230  -300   -10  -190   230
   230  -300   -10  -190   230
   230   230   170    70  -580
   230   230   170    70  -580
   230   230   170    70  -580
   230   230   170    70  -580
   230   230   170    70  -580
   520   400   520   470   430
   520   400   520   470   430
   520   400   520   470   430
   520   400   520   470   430
   520   400   520   470   430
   230   230   170    70  -580
   230   230   170    70  -580
   230   230   170    70  -580
   230   230   170    70  -580
   230   230   170    70  -580
   520   400   520   470   430
   520   400   520   470   430
   520   400   520   470   430
   520   400   520   470   430
   520   400   520   470   430

# mismatch_multi
/*  @     A     C     G     U   */
   -80  -140   -80  -100   -90
  -130  -190  -130  -150  -140
   -80  -140   -80  -100   -90
   -90  -150   -90  -110  -100
  -110  -170  -110  -130  -120
   -40  -140   -70   -40   -90
   -60  -160   -90   -60  -110
   -40  -140   -70   -40   -90
   -60  -160   -90   -60  -110
   -60  -160   -90   -60  -110
   -40  -140   -70   -40   -90
   -60  -160   -90   -60  -110
   -40  -140   -70   -40   -90
   -60  -160   -90   -60  -110
   -60  -160   -90   -60  -110
   -80  -140   -80  -100   -90
  -130  -190  -130  -150  -140
   -80  -140   -80  -100   -90
   -90  -150   -90  -110  -100
  -110  -170  -110  -130  -120
   -60   -80   -60   -90   -70
   -60   -80   -60   -90   -70
   -60   -80   -60   -90   -70
   -80  -100   -80  -110   -90
  -100  -120  -100  -130  -110
   120    80   120    80    90
    20   -20    20   -20   -10
    60    20    60    20    30
   120    80   120    80    90
    60    20    60    20    30
   120    80   120    80    90
    20   -20    20   -20   -10
    60    20    60    20    30
   120    80   120    80    90
    60    20    60    20    30

# mismatch_multi_enthalpies
/*  @     A     C     G     U   */
  -110  -280  -110  -490  -640
  -640  -810  -640 -1020 -1170
  -350  -520  -350  -730  -880
  -530  -700  -530  -910 -1060
  -110  -280  -110  -490  -640
  -670 -1220  -670  -730  -810
  -710 -1260  -710  -770  -850
  -670 -1220  -670  -730  -810
  -720 -1270  -720  -780  -860
  -750 -1300  -750  -810  -890
  -670 -1220  -670  -730  -810
  -710 -1260  -710  -770  -850
  -670 -1220  -670  -730  -810
  -720 -1270  -720  -780  -860
  -750 -1300  -750  -810  -890
  -110  -280  -110  -490  -640
  -640  -810  -640 -1020 -1170
  -350  -520  -350  -730  -880
  -530  -700  -530  -910 -1060
  -110  -280  -110  -490  -640
   140  -590   140  -540    30
   110  -620   110  -570     0
   140  -590   140  -540    30
   -50  -780   -50  -730  -160
  -700 -1430  -700 -1380  -810
   830   630   830   450   460
   710   510   710   330   340
   830   630   830   450   460
   780   580   780   400   410
   740   540   740   360   370
   830   630   830   450   460
   710   510   710   330   340
   830   630   830   450   460
   780   580   780   400   410
   740   540   740   360   370

# mismatch_exterior
/*  @     A     C     G     U   */
   -80  -140   -80  -100   -90
  -130  -190  -130  -150  -140
   -80  -140   -80  -100   -90
   -90  -150   -90  -110  -100
  -110  -170  -110  -130  -120
   -40  -140   -70   -40   -90
   -60  -160   -90   -60  -110
   -40  -140   -70   -40   -90
   -60  -160   -90   -60  -110
   -60  -160   -90   -60  -110
   -40  -140   -70   -40   -90
   -60  -160   -90   -60  -110
   -40  -140   -70   -40   -90
   -60  -160   -90   -60  -110
   -60  -160   -90   -60  -110
   -80  -140   -80  -100   -90
  -130  -190  -130  -150  -140
   -80  -140   -80  -100   -90
   -90  -150   -90  -110  -100
  -110  -170  -110  -130  -120
   -60   -80   -60   -90   -70
   -60   -80   -60   -90   -70
   -60   -80   -60   -90   -70
   -80  -100   -80  -110   -90
  -100  -120  -100  -130  -110
   120    80   120    80    90
    20   -20    20   -20   -10
    60    20    60    20    30
   120    80   120    80    90
    60    20    60    20    30
   120    80   120    80    90
    20   -20    20   -20   -10
    60    20    60    20    30
   120    80   120    80    90
    60    20    60    20    30

# mismatch_exterior_enthalpies
/*  @     A     C     G     U   */
  -110  -280  -110  -490  -640
  -640  -810  -640 -1020 -1170
  -350  -520  -350  -730  -880
  -530  -700  -530  -910 -1060
  -110  -280  -110  -490  -640
  -670 -1220  -670  -730  -810
  -710 -1260  -710  -770  -850
  -670 -1220  -670  -730  -810
  -720 -1270  -720  -780  -860
  -750 -1300  -750  -810  -890
  -670 -1220  -670  -730  -810
  -710 -1260  -710  -770  -850
  -670 -1220  -670  -730  -810
  -720 -1270  -720  -780  -860
  -750 -1300  -750  -810  -890
  -110  -280  -110  -490  -640
  -640  -810  -640 -1020 -1170
  -350  -520  -350  -730  -880
  -530  -700  -530  -910 -1060
  -110  -280  -110  -490  -640
   140  -590   140  -540    30
   110  -620   110  -570     0
   140  -590   140  -540    30
   -50  -780   -50  -730  -160
  -700 -1430  -700 -1380  -810
   830   630   830   450   460
   710   510   710   330   340
   830   630   830   450   460
   780   580   780   400   410
   740   540   740   360   370
   830   630   830   450   460
   710   510   710   330   340
   830   630   830   450   460
   780   580   780   400   410
   740   540   740   360   370

# dangle5
/*  @     A     C     G     U   */
   -50  -100   -50   -60   -80
   -40   -60   -40   -60   -60
   -40   -60   -40   -60   -60
   -50  -100   -50   -60   -80
   -40   -40   -40   -60   -80
    70   -30    10    70    10
    70   -30    10    70    10

# dangle5_enthalpies
/*  @     A     C     G     U   */
   -90  -620  -330  -510   -90
  -420  -460  -420  -470  -500
  -420  -460  -420  -470  -500
   -90  -620  -330  -510   -90
   -60   -90   -60  -250  -900
   200    80   200   150   110
   200    80   200   150   110

# dangle3
/*  @     A     C     G     U   */
   -30   -90   -30   -50   -40
     0  -100   -30     0   -50
     0  -100   -30     0   -50
   -30   -90   -30   -50   -40
   -20   -40   -20   -50   -30
    50    10    50    10    20
    50    10    50    10    20

# dangle3_enthalpies
/*  @     A     C     G     U   */
   -20  -190   -20  -400  -550
  -250  -800  -250  -310  -390
  -250  -800  -250  -310  -390
   -20  -190   -20  -400  -550
   200  -530   200  -480    90
   630   430   630   250   260
   630   430   630   250   260

# int11
/* CG..CG */
   160    90   160    90    90
    90    70    90   -20    90
   160    90   160    90    60
    90   -20    90    20    90
    90    90    60    90     0
/* CG..GC */
   130   100   130   100    80
    50    50    10  -120    10
   130   100   130   100    80
    10   -40    10   -60    10
   100   100    70   100    70
/* CG..GU */
   130   100   130   100    80
    50    50    10  -120    10
   130   100   130   100    80
    10   -40    10   -60    10
   100   100    70   100    70
/* CG..UG */
   160    90   160    90    90
    90    70    90   -20    90
   160    90   160    90    60
    90   -20    90    20    90
    90    90    60    90     0
/* CG..AU */
   180   120   180   120   110
   120   120   110   -80   110
   180   120   180   120   -60
   110   -10   110   -70   110
   120   120     0   120   -40
/* CG..UA */
   220   140   220   140   170
   170   140   170    70   170
   220   140   220   140   120
   170    40   170    30   170
   140   140   120   140    80
/* CG.. @ */
   220   140   220   140   170
   170   140   170    70   170
   220   140   220   140   120
   170    40   170    30   170
   140   140   120   140    80
/* GC..CG */
   130    50   130    10   100
   100    50   100   -40   100
   130    10   130    10    70
   100  -120   100   -60   100
    80    10    80    10    70
/* GC..GC */
   100    40   100    40    90
    40    20    40  -150    40
   100    40   100    40    70
    40  -150    40  -180    40
    90    40    70    40    90
/* GC..GU */
   100    40   100    40    90
    40    20    40  -150    40
   100    40   100    40    70
    40  -150    40  -180    40
    90    40    70    40    90
/* GC..UG */
   130    50   130    10   100
   100    50   100   -40   100
   130    10   130    10    70
   100  -120   100   -60   100
    80    10    80    10    70
/* GC..AU */
   260   140   260   130   160
   140   140   120   -20   120
   260   130   260   130   160
   120    10   120  -110   120
   130   130    90   130    90
/* GC..UA */
   200   120   200   120   170
   170    70   170    70   170
   200   120   200   120   130
   170    40   170    50   170
   200   120   200   120    40
/* GC.. @ */
   260   140   260   130   170
   170   140   170    70   170
   260   130   260   130   160
   170    40   170    50   170
   200   130   200   130    90
/* GU..CG */
   130    50   130    10   100
   100    50   100   -40   100
   130    10   130    10    70
   100  -120   100   -60   100
    80    10    80    10    70
/* GU..GC */
   100    40   100    40    90
    40    20    40  -150    40
   100    40   100    40    70
    40  -150    40  -180    40
    90    40    70    40    90
/* GU..GU */
   100    40   100    40    90
    40    20    40  -150    40
   100    40   100    40    70
    40  -150    40  -180    40
    90    40    70    40    90
/* GU..UG */
   130    50   130    10   100
   100    50   100   -40   100
   130    10   130    10    70
   100  -120   100   -60   100
    80    10    80    10    70
/* GU..AU */
   260   140   260   130   160
   140   140   120   -20   120
   260   130   260   130   160
   120    10   120  -110   120
   130   130    90   130    90
/* GU..UA */
   200   120   200   120   170
   170    70   170    70   170
   200   120   200   120   130
   170    40   170    50   170
   200   120   200   120    40
/* GU.. @ */
   260   140   260   130   170
   170   140   170    70   170
   260   130   260   130   160
   170    40   170    50   170
   200   130   200   130    90
/* UG..CG */
   160    90   160    90    90
    90    70    90   -20    90
   160    90   160    90    60
    90   -20    90    20    90
    90    90    60    90     0
/* UG..GC */
   130   100   130   100    80
    50    50    10  -120    10
   130   100   130   100    80
    10   -40    10   -60    10
   100   100    70   100    70
/* UG..GU */
   130   100   130   100    80
    50    50    10  -120    10
   130   100   130   100    80
    10   -40    10   -60    10
   100   100    70   100    70
/* UG..UG */
   160    90   160    90    90
    90    70    90   -20    90
   160    90   160    90    60
    90   -20    90    20    90
    90    90    60    90     0
/* UG..AU */
   180   120   180   120   110
   120   120   110   -80   110
   180   120   180   120   -60
   110   -10   110   -70   110
   120   120     0   120   -40
/* UG..UA */
   220   140   220   140   170
   170   140   170    70   170
   220   140   220   140   120
   170    40   170    30   170
   140   140   120   140    80
/* UG.. @ */
   220   140   220   140   170
   170   140   170    70   170
   220   140   220   140   120
   170    40   170    30   170
   140   140   120   140    80
/* AU..CG */
   180   120   180   110   120
   120   120   120   -10   120
   180   110   180   110     0
   120   -80   120   -70   120
   110   110   -60   110   -40
/* AU..GC */
   260   140   260   120   130
   140   140   130    10   130
   260   120   260   120    90
   130   -20   130  -110   130
   160   120   160   120    90
/* AU..GU */
   260   140   260   120   130
   140   140   130    10   130
   260   120   260   120    90
   130   -20   130  -110   130
   160   120   160   120    90
/* AU..UG */
   180   120   180   110   120
   120   120   120   -10   120
   180   110   180   110     0
   120   -80   120   -70   120
   110   110   -60   110   -40
/* AU..AU */
   290   120   290   100   140
   120   120   100   -40   120
   290   100   290   100    60
   100   -40   100   -10   100
   140   120    60   100   140
/* AU..UA */
   230   130   230   120   150
   150   130   150    50   150
   230   120   230   120   120
   150     0   150    40   150
   130   120   130   120    30
/* AU.. @ */
   290   140   290   120   150
   150   140   150    50   150
   290   120   290   120   120
   150     0   150    40   150
   160   120   160   120   140
/* UA..CG */
   220   170   220   170   140
   140   140   140    40   140
   220   170   220   170   120
   140    70   140    30   140
   170   170   120   170    80
/* UA..GC */
   200   170   200   170   200
   120    70   120    40   120
   200   170   200   170   200
   120    70   120    50   120
   170   170   130   170    40
/* UA..GU */
   200   170   200   170   200
   120    70   120    40   120
   200   170   200   170   200
   120    70   120    50   120
   170   170   130   170    40
/* UA..UG */
   220   170   220   170   140
   140   140   140    40   140
   220   170   220   170   120
   140    70   140    30   140
   170   170   120   170    80
/* UA..AU */
   230   150   230   150   130
   130   130   120     0   120
   230   150   230   150   130
   120    50   120    40   120
   150   150   120   150    30
/* UA..UA */
   220   180   220   180   180
   180   160   180    90   180
   220   180   220   180   110
   180    90   180   100   180
   180   180   110   180   120
/* UA.. @ */
   230   180   230   180   200
   180   160   180    90   180
   230   180   230   180   200
   180    90   180   100   180
   180   180   130   180   120
/*  @..CG */
   220   170   220   170   140
   140   140   140    40   140
   220   170   220   170   120
   140    70   140    30   140
   170   170   120   170    80
/*  @..GC */
   260   170   260   170   200
   140   140   130    40   130
   260   170   260   170   200
   130    70   130    50   130
   170   170   160   170    90
/*  @..GU */
   260   170   260   170   200
   140   140   130    40   130
   260   170   260   170   200
   130    70   130    50   130
   170   170   160   170    90
/*  @..UG */
   220   170   220   170   140
   140   140   140    40   140
   220   170   220   170   120
   140    70   140    30   140
   170   170   120   170    80
/*  @..AU */
   290   150   290   150   160
   140   140   120     0   120
   290   150   290   150   160
   120    50   120    40   120
   150   150   120   150   140
/*  @..UA */
   230   180   230   180   180
   180   160   180    90   180
   230   180   230   180   130
   180    90   180   100   180
   200   180   200   180   120
/*  @.. @ */
   290   180   290   180   200
   180   160   180    90   180
   290   180   290   180   200
   180    90   180   100   180
   200   180   200   180   140

# int11_enthalpies
/* CG..CG */
   610   610   510   610   510
   610   400   510   610   510
   510   510   410   510   160
   610   610   510    10   510
   510   510   160   510  -270
/* CG..GC */
   930   930   750   930   460
   460   -60   460   130   460
   930   930   750   930   190
   460   390   460   -90   460
   930   930    50   930   210
/* CG..GU */
   930   930   750   930   460
   460   -60   460   130   460
   930   930   750   930   190
   460   390   460   -90   460
   930   930    50   930   210
/* CG..UG */
   610   610   510   610   510
   610   400   510   610   510
   510   510   410   510   160
   610   610   510    10   510
   510   510   160   510  -270
/* CG..AU */
   530   500   530   390   530
   530   500   530  -220   530
   390   390   260   390 -1230
   530  -630   530  -990   530
   390   390  -490   390  -750
/* CG..UA */
  1320  1000  1320  1130  1320
  1320  1000  1320  1130  1320
   960   960   590   960    10
  1320   690  1320  -110  1320
   960   960   300   960    70
/* CG.. @ */
  1320  1000  1320  1130  1320
  1320  1000  1320  1130  1320
   960   960   750   960   190
  1320   690  1320    10  1320
   960   960   300   960   210
/* GC..CG */
   930   460   930   460   930
   930   -60   930   390   930
   750   460   750   460    50
   930   130   930   -90   930
   460   460   190   460   210
/* GC..GC */
   600   390   600   390   390
   390   260   390   240   390
   600   390   600   390   -60
   390   240   390  -280   390
   390   390   -60   390    30
/* GC..GU */
   600   390   600   390   390
   390   260   390   240   390
   600   390   600   390   -60
   390   240   390  -280   390
   390   390   -60   390    30
/* GC..UG */
   930   460   930   460   930
   930   -60   930   390   930
   750   460   750   460    50
   930   130   930   -90   930
   460   460   190   460   210
/* GC..AU */
  1280  1090  1280  1090  1160
  1000  1000   410   450   410
  1280  1090  1280  1090  1160
   890   890   410  -500   410
  1090  1090   130  1090    50
/* GC..UA */
  1320   690  1320  1130  1320
  1320  -140  1320  1130  1320
  1290   420  1290   420   -40
  1320   690  1320   340  1320
   420   420   370   420 -1000
/* GC.. @ */
  1320  1090  1320  1130  1320
  1320  1000  1320  1130  1320
  1290  1090  1290  1090  1160
  1320   890  1320   340  1320
  1090  1090   370  1090   210
/* GU..CG */
   930   460   930   460   930
   930   -60   930   390   930
   750   460   750   460    50
   930   130   930   -90   930
   460   460   190   460   210
/* GU..GC */
   600   390   600   390   390
   390   260   390   240   390
   600   390   600   390   -60
   390   240   390  -280   390
   390   390   -60   390    30
/* GU..GU */
   600   390   600   390   390
   390   260   390   240   390
   600   390   600   390   -60
   390   240   390  -280   390
   390   390   -60   390    30
/* GU..UG */
   930   460   930   460   930
   930   -60   930   390   930
   750   460   750   460    50
   930   130   930   -90   930
   460   460   190   460   210
/* GU..AU */
  1280  1090  1280  1090  1160
  1000  1000   410   450   410
  1280  1090  1280  1090  1160
   890   890   410  -500   410
  1090  1090   130  1090    50
/* GU..UA */
  1320   690  1320  1130  1320
  1320  -140  1320  1130  1320
  1290   420  1290   420   -40
  1320   690  1320   340  1320
   420   420   370   420 -1000
/* GU.. @ */
  1320  1090  1320  1130  1320
  1320  1000  1320  1130  1320
  1290  1090  1290  1090  1160
  1320   890  1320   340  1320
  1090  1090   370  1090   210
/* UG..CG */
   610   610   510   610   510
   610   400   510   610   510
   510   510   410   510   160
   610   610   510    10   510
   510   510   160   510  -270
/* UG..GC */
   930   930   750   930   460
   460   -60   460   130   460
   930   930   750   930   190
   460   390   460   -90   460
   930   930    50   930   210
/* UG..GU */
   930   930   750   930   460
   460   -60   460   130   460
   930   930   750   930   190
   460   390   460   -90   460
   930   930    50   930   210
/* UG..UG */
   610   610   510   610   510
   610   400   510   610   510
   510   510   410   510   160
   610   610   510    10   510
   510   510   160   510  -270
/* UG..AU */
   530   500   530   390   530
   530   500   530  -220   530
   390   390   260   390 -1230
   530  -630   530  -990   530
   390   390  -490   390  -750
/* UG..UA */
  1320  1000  1320  1130  1320
  1320  1000  1320  1130  1320
   960   960   590   960    10
  1320   690  1320  -110  1320
   960   960   300   960    70
/* UG.. @ */
  1320  1000  1320  1130  1320
  1320  1000  1320  1130  1320
   960   960   750   960   190
  1320   690  1320    10  1320
   960   960   300   960   210
/* AU..CG */
   530   530   390   530   390
   500   500   390  -630   390
   530   530   260   530  -490
   390  -220   390  -990   390
   530   530 -1230   530  -750
/* AU..GC */
  1280  1000  1280   890  1090
  1090  1000  1090   890  1090
  1280   410  1280   410   130
  1090   450  1090  -500  1090
  1160   410  1160   410    50
/* AU..GU */
  1280  1000  1280   890  1090
  1090  1000  1090   890  1090
  1280   410  1280   410   130
  1090   450  1090  -500  1090
  1160   410  1160   410    50
/* AU..UG */
   530   530   390   530   390
   500   500   390  -630   390
   530   530   260   530  -490
   390  -220   390  -990   390
   530   530 -1230   530  -750
/* AU..AU */
   980   980   980   980   980
   980   490   980   710   980
   980   980   750   980   430
   980   710   980   410   980
   980   980   430   980   570
/* AU..UA */
  1470  1290  1470  1070   150
  1290  1290   150  1070   150
  1470  1040  1470  1040  -160
   180   180   150   160   150
  1040  1040   350  1040  -480
/* AU.. @ */
  1470  1290  1470  1070  1090
  1290  1290  1090  1070  1090
  1470  1040  1470  1040   430
  1090   710  1090   410  1090
  1160  1040  1160  1040   570
/* UA..CG */
  1320  1320   960  1320   960
  1000  1000   960   690   960
  1320  1320   590  1320   300
  1130  1130   960  -110   960
  1320  1320    10  1320    70
/* UA..GC */
  1320  1320  1290  1320   420
   690  -140   420   690   420
  1320  1320  1290  1320   370
  1130  1130   420   340   420
  1320  1320   -40  1320 -1000
/* UA..GU */
  1320  1320  1290  1320   420
   690  -140   420   690   420
  1320  1320  1290  1320   370
  1130  1130   420   340   420
  1320  1320   -40  1320 -1000
/* UA..UG */
  1320  1320   960  1320   960
  1000  1000   960   690   960
  1320  1320   590  1320   300
  1130  1130   960  -110   960
  1320  1320    10  1320    70
/* UA..AU */
  1470  1290  1470   180  1040
  1290  1290  1040   180  1040
  1470   150  1470   150   350
  1070  1070  1040   160  1040
   150   150  -160   150  -480
/* UA..UA */
  1740  1430  1740  1430  1430
  1430  1210  1430  1190  1430
  1740  1430  1740  1430   250
  1430  1190  1430   840  1430
  1430  1430   250  1430   620
/* UA.. @ */
  1740  1430  1740  1430  1430
  1430  1290  1430  1190  1430
  1740  1430  1740  1430   370
  1430  1190  1430   840  1430
  1430  1430   250  1430   620
/*  @..CG */
  1320  1320   960  1320   960
  1000  1000   960   690   960
  1320  1320   750  1320   300
  1130  1130   960    10   960
  1320  1320   190  1320   210
/*  @..GC */
  1320  1320  1290  1320  1090
  1090  1000  1090   890  1090
  1320  1320  1290  1320   370
  1130  1130  1090   340  1090
  1320  1320  1160  1320   210
/*  @..GU */
  1320  1320  1290  1320  1090
  1090  1000  1090   890  1090
  1320  1320  1290  1320   370
  1130  1130  1090   340  1090
  1320  1320  1160  1320   210
/*  @..UG */
  1320  1320   960  1320   960
  1000  1000   960   690   960
  1320  1320   750  1320   300
  1130  1130   960    10   960
  1320  1320   190  1320   210
/*  @..AU */
  1470  1290  1470  1090  1160
  1290  1290  1040   710  1040
  1470  1090  1470  1090  1160
  1070  1070  1040   410  1040
  1090  1090   430  1090   570
/*  @..UA */
  1740  1430  1740  1430  1430
  1430  1290  1430  1190  1430
  1740  1430  1740  1430   250
  1430  1190  1430   840  1430
  1430  1430   370  1430   620
/*  @.. @ */
  1740  1430  1740  1430  1430
  1430  1290  1430  1190  1430
  1740  1430  1740  1430  1160
  1430  1190  1430   840  1430
  1430  1430  1160  1430   620

# int21
/* CG.@..CG */
   540   470   540   470   470
   470   470   470   470   450
   540   470   540   470   470
   470   470   470   470   440
   470   450   470   440   470
/* CG.A..CG */
   470   450   470   360   470
   450   450   450   360   450
   470   450   470   360   470
   360   360   360   360   360
   470   450   470   360   470
/* CG.C..CG */
   540   470   540   470   440
   470   470   470   470   440
   540   470   540   470   440
   470   470   470   470   440
   440   440   440   440   440
/* CG.G..CG */
   470   360   470   400   470
   360   360   360   360   360
   470   360   470   400   470
   400   360   400   400   400
   470   360   470   400   470
/* CG.U..CG */
   470   470   440   470   380
   470   470   440   470   380
   440   440   440   440   380
   470   470   440   470   380
   380   380   380   380   380
/* CG.@..GC */
   510   480   510   480   460
   480   480   480   480   460
   510   480   510   480   460
   480   480   480   480   460
   460   460   460   460   460
/* CG.A..GC */
   430   430   390   260   390
   430   430   390   260   390
   390   390   390   260   390
   260   260   260   260   260
   390   390   390   260   390
/* CG.C..GC */
   510   480   510   480   460
   480   480   480   480   460
   510   480   510   480   460
   480   480   480   480   460
   460   460   460   460   460
/* CG.G..GC */
   390   340   390   320   390
   340   340   340   320   340
   390   340   390   320   390
   320   320   320   320   320
   390   340   390   320   390
/* CG.U..GC */
   480   480   450   480   450
   480   480   450   480   450
   450   450   450   450   450
   480   480   450   480   450
   450   450   450   450   450
/* CG.@..GU */
   510   480   510   480   460
   480   480   480   480   460
   510   480   510   480   460
   480   480   480   480   460
   460   460   460   460   460
/* CG.A..GU */
   430   430   390   260   390
   430   430   390   260   390
   390   390   390   260   390
   260   260   260   260   260
   390   390   390   260   390
/* CG.C..GU */
   510   480   510   480   460
   480   480   480   480   460
   510   480   510   480   460
   480   480   480   480   460
   460   460   460   460   460
/* CG.G..GU */
   390   340   390   320   390
   340   340   340   320   340
   390   340   390   320   390
   320   320   320   320   320
   390   340   390   320   390
/* CG.U..GU */
   480   480   450   480   450
   480   480   450   480   450
   450   450   450   450   450
   480   480   450   480   450
   450   450   450   450   450
/* CG.@..UG */
   540   470   540   470   470
   470   470   470   470   450
   540   470   540   470   470
   470   470   470   470   440
   470   450   470   440   470
/* CG.A..UG */
   470   450   470   360   470
   450   450   450   360   450
   470   450   470   360   470
   360   360   360   360   360
   470   450   470   360   470
/* CG.C..UG */
   540   470   540   470   440
   470   470   470   470   440
   540   470   540   470   440
   470   470   470   470   440
   440   440   440   440   440
/* CG.G..UG */
   470   360   470   400   470
   360   360   360   360   360
   470   360   470   400   470
   400   360   400   400   400
   470   360   470   400   470
/* CG.U..UG */
   470   470   440   470   380
   470   470   440   470   380
   440   440   440   440   380
   470   470   440   470   380
   380   380   380   380   380
/* CG.@..AU */
   560   500   560   500   490
   500   500   500   500   490
   560   500   560   500   490
   500   500   500   500   340
   490   490   490   340   490
/* CG.A..AU */
   500   500   490   300   490
   500   500   490   300   490
   490   490   490   300   490
   300   300   300   300   300
   490   490   490   300   490
/* CG.C..AU */
   560   500   560   500   320
   500   500   500   500   320
   560   500   560   500   320
   500   500   500   500   320
   320   320   320   320   320
/* CG.G..AU */
   490   370   490   310   490
   370   370   370   310   370
   490   370   490   310   490
   310   310   310   310   310
   490   370   490   310   490
/* CG.U..AU */
   500   500   380   500   340
   500   500   380   500   340
   380   380   380   380   340
   500   500   380   500   340
   340   340   340   340   340
/* CG.@..UA */
   600   520   600   520   550
   520   520   520   520   520
   600   520   600   520   550
   520   520   520   520   500
   550   520   550   500   550
/* CG.A..UA */
   550   520   550   450   550
   520   520   520   450   520
   550   520   550   450   550
   450   450   450   450   450
   550   520   550   450   550
/* CG.C..UA */
   600   520   600   520   500
   520   520   520   520   500
   600   520   600   520   500
   520   520   520   520   500
   500   500   500   500   500
/* CG.G..UA */
   550   420   550   410   550
   420   420   420   410   420
   550   420   550   410   550
   410   410   410   410   410
   550   420   550   410   550
/* CG.U..UA */
   520   520   500   520   460
   520   520   500   520   460
   500   500   500   500   460
   520   520   500   520   460
   460   460   460   460   460
/* CG.@.. @ */
   600   520   600   520   550
   520   520   520   520   520
   600   520   600   520   550
   520   520   520   520   500
   550   520   550   500   550
/* CG.A.. @ */
   550   520   550   450   550
   520   520   520   450   520
   550   520   550   450   550
   450   450   450   450   450
   550   520   550   450   550
/* CG.C.. @ */
   600   520   600   520   500
   520   520   520   520   500
   600   520   600   520   500
   520   520   520   520   500
   500   500   500   500   500
/* CG.G.. @ */
   550   420   550   410   550
   420   420   420   410   420
   550   420   550   410   550
   410   410   410   410   410
   550   420   550   410   550
/* CG.U.. @ */
   520   520   500   520   460
   520   520   500   520   460
   500   500   500   500   460
   520   520   500   520   460
   460   460   460   460   460
/* GC.@..CG */
   510   430   510   390   480
   430   430   430   390   430
   510   430   510   390   480
   390   390   390   390   390
   480   430   480   390   480
/* GC.A..CG */
   480   430   480   340   480
   430   430   430   340   430
   480   430   480   340   480
   340   340   340   340   340
   480   430   480   340   480
/* GC.C..CG */
   510   390   510   390   450
   390   390   390   390   390
   510   390   510   390   450
   390   390   390   390   390
   450   390   450   390   450
/* GC.G..CG */
   480   260   480   320   480
   260   260   260   260   260
   480   260   480   320   480
   320   260   320   320   320
   480   260   480   320   480
/* GC.U..CG */
   460   390   460   390   450
   390   390   390   390   390
   460   390   460   390   450
   390   390   390   390   390
   450   390   450   390   450
/* GC.@..GC */
   480   420   480   420   470
   420   420   420   420   420
   480   420   480   420   450
   420   420   420   420   420
   470   420   450   420   470
/* GC.A..GC */
   420   400   420   230   420
   400   400   400   230   400
   420   400   420   230   420
   230   230   230   230   230
   420   400   420   230   420
/* GC.C..GC */
   480   420   480   420   450
   420   420   420   420   420
   480   420   480   420   450
   420   420   420   420   420
   450   420   450   420   450
/* GC.G..GC */
   420   230   420   200   420
   230   230   230   200   230
   420   230   420   200   420
   200   200   200   200   200
   420   230   420   200   420
/* GC.U..GC */
   470   420   450   420   470
   420   420   420   420   420
   450   420   450   420   450
   420   420   420   420   420
   470   420   450   420   470
/* GC.@..GU */
